Rrt1 = 0.2642;
U021 = 16;
Rs = 2.66;
Cf = 48.76/1000;
U021Max = U021 * sqrt(2);
Ki = 1/Rrt1/Cf;

